,Aula,Month,Lower,Upper,Comfort
0,A-11,1,91.94,0.0,8.060000000000002
1,A-11,2,63.84,0.0,36.16
2,A-11,3,27.05,0.0,72.95
3,A-11,4,35.14,0.28,64.58
4,A-11,5,0.54,8.33,91.13
5,A-11,6,0.0,94.72,5.280000000000001
6,A-11,7,0.0,100.0,0.0
7,A-11,8,0.0,100.0,0.0
8,A-11,9,0.0,96.11,3.8900000000000006
9,A-11,10,0.0,51.26,48.74
10,A-11,11,17.78,0.0,82.22
11,A-11,12,62.37,0.0,37.63
12,A-12,1,97.45,0.0,2.549999999999997
13,A-12,2,55.95,0.0,44.05
14,A-12,3,28.26,1.21,70.53
15,A-12,4,34.44,0.69,64.87
16,A-12,5,0.0,9.41,90.59
17,A-12,6,0.0,95.14,4.859999999999999
18,A-12,7,0.0,100.0,0.0
19,A-12,8,0.0,100.0,0.0
20,A-12,9,0.0,97.08,2.9200000000000017
21,A-12,10,0.0,54.59,45.41
22,A-12,11,21.81,0.0,78.19
23,A-12,12,76.48,0.13,23.39
24,A-13,1,99.33,0.0,0.6700000000000017
25,A-13,2,67.41,0.0,32.59
26,A-13,3,22.21,0.0,77.78999999999999
27,A-13,4,32.5,0.69,66.81
28,A-13,5,0.0,6.99,93.01
29,A-13,6,0.0,92.78,7.219999999999999
30,A-13,7,0.0,100.0,0.0
31,A-13,8,0.0,100.0,0.0
32,A-13,9,0.0,99.44,0.5600000000000023
33,A-13,10,0.0,56.46,43.54
34,A-13,11,12.08,0.0,87.92
35,A-13,12,74.6,0.0,25.400000000000006
36,A-14,1,99.06,0.0,0.9399999999999977
37,A-14,2,76.79,0.0,23.209999999999994
38,A-14,3,25.98,0.0,74.02
39,A-14,4,33.75,0.69,65.56
40,A-14,5,0.0,4.17,95.83
41,A-14,6,0.0,89.03,10.969999999999999
42,A-14,7,0.0,100.0,0.0
43,A-14,8,0.0,100.0,0.0
44,A-14,9,0.0,99.72,0.28000000000000114
45,A-14,10,0.0,48.6,51.4
46,A-14,11,35.0,0.0,65.0
47,A-14,12,89.65,0.0,10.349999999999994
48,A-21,1,95.16,0.0,4.840000000000003
49,A-21,2,44.49,0.0,55.51
50,A-21,3,13.73,0.0,86.27
51,A-21,4,26.94,3.75,69.31
52,A-21,5,0.0,19.49,80.51
53,A-21,6,0.0,96.94,3.0600000000000023
54,A-21,7,0.0,100.0,0.0
55,A-21,8,0.0,100.0,0.0
56,A-21,9,0.0,99.86,0.14000000000000057
57,A-21,10,0.0,59.25,40.75
58,A-21,11,5.69,0.0,94.31
59,A-21,12,58.33,0.54,41.13
60,A-22,1,96.77,0.0,3.230000000000004
61,A-22,2,49.26,0.0,50.74
62,A-22,3,32.97,0.27,66.75999999999999
63,A-22,4,25.56,5.28,69.16
64,A-22,5,0.0,20.7,79.3
65,A-22,6,0.0,98.06,1.9399999999999977
66,A-22,7,0.0,100.0,0.0
67,A-22,8,0.0,100.0,0.0
68,A-22,9,0.0,100.0,0.0
69,A-22,10,0.0,66.58,33.42
70,A-22,11,3.89,2.22,93.89
71,A-22,12,55.38,0.27,44.349999999999994
72,A-23,1,95.83,0.0,4.170000000000002
73,A-23,2,63.69,0.0,36.31
74,A-23,3,14.27,0.0,85.73
75,A-23,4,23.33,3.47,73.2
76,A-23,5,0.0,19.35,80.65
77,A-23,6,0.0,96.39,3.6099999999999994
78,A-23,7,0.0,100.0,0.0
79,A-23,8,0.0,100.0,0.0
80,A-23,9,0.0,100.0,0.0
81,A-23,10,0.0,64.05,35.95
82,A-23,11,7.22,0.83,91.95
83,A-23,12,78.09,0.0,21.909999999999997
84,A-24,1,95.83,0.0,4.170000000000002
85,A-24,2,55.95,0.0,44.05
86,A-24,3,13.59,0.27,86.14
87,A-24,4,24.44,5.14,70.42
88,A-24,5,0.0,22.18,77.82
89,A-24,6,0.0,97.36,2.6400000000000006
90,A-24,7,0.0,100.0,0.0
91,A-24,8,0.0,100.0,0.0
92,A-24,9,0.0,100.0,0.0
93,A-24,10,0.0,65.78,34.22
94,A-24,11,43.61,1.11,55.28
95,A-24,12,73.52,0.67,25.810000000000002
96,A-31,1,76.34,0.0,23.659999999999997
97,A-31,2,37.05,0.0,62.95
98,A-31,3,7.81,0.0,92.19
99,A-31,4,9.86,1.11,89.03
100,A-31,5,0.0,22.04,77.96000000000001
101,A-31,6,0.0,100.0,0.0
102,A-31,7,0.0,100.0,0.0
103,A-31,8,0.0,100.0,0.0
104,A-31,9,0.0,100.0,0.0
105,A-31,10,0.0,58.72,41.28
106,A-31,11,0.97,0.0,99.03
107,A-31,12,44.76,0.0,55.24
108,A-32,1,97.98,0.0,2.019999999999996
109,A-32,2,46.88,0.0,53.12
110,A-32,3,29.48,1.08,69.44
111,A-32,4,11.11,3.75,85.14
112,A-32,5,0.0,29.7,70.3
113,A-32,6,0.0,100.0,0.0
114,A-32,7,0.0,100.0,0.0
115,A-32,8,0.0,100.0,0.0
116,A-32,9,0.0,100.0,0.0
117,A-32,10,0.0,66.71,33.290000000000006
118,A-32,11,0.83,0.69,98.48
119,A-32,12,48.39,0.0,51.61
120,A-33,1,91.67,0.0,8.329999999999998
121,A-33,2,73.96,0.0,26.040000000000006
122,A-33,3,30.96,0.13,68.91
123,A-33,4,12.92,3.75,83.33
124,A-33,5,0.0,29.3,70.7
125,A-33,6,0.0,100.0,0.0
126,A-33,7,0.0,100.0,0.0
127,A-33,8,0.0,100.0,0.0
128,A-33,9,0.0,100.0,0.0
129,A-33,10,0.0,67.11,32.89
130,A-33,11,0.56,0.14,99.3
131,A-33,12,49.06,0.0,50.94
132,A-34,1,99.33,0.0,0.6700000000000017
133,A-34,2,45.24,0.0,54.76
134,A-34,3,9.83,0.0,90.17
135,A-34,4,6.39,4.17,89.44
136,A-34,5,0.0,27.69,72.31
137,A-34,6,0.0,100.0,0.0
138,A-34,7,0.0,100.0,0.0
139,A-34,8,0.0,100.0,0.0
140,A-34,9,0.0,100.0,0.0
141,A-34,10,0.0,64.98,35.019999999999996
142,A-34,11,0.56,0.28,99.16
143,A-34,12,51.75,0.0,48.25
144,A-35,1,99.46,0.0,0.5400000000000063
145,A-35,2,47.02,0.0,52.98
146,A-35,3,10.63,0.0,89.37
147,A-35,4,5.83,3.47,90.7
148,A-35,5,0.0,30.11,69.89
149,A-35,6,0.0,100.0,0.0
150,A-35,7,0.0,100.0,0.0
151,A-35,8,0.0,100.0,0.0
152,A-35,9,0.0,100.0,0.0
153,A-35,10,0.0,67.91,32.09
154,A-35,11,0.83,0.42,98.75
155,A-35,12,60.75,0.0,39.25
156,A-36,1,100.0,0.0,0.0
157,A-36,2,81.1,0.0,18.900000000000006
158,A-36,3,21.94,0.0,78.06
159,A-36,4,11.94,4.58,83.48
160,A-36,5,0.0,23.92,76.08
161,A-36,6,0.0,98.33,1.6700000000000017
162,A-36,7,0.0,100.0,0.0
163,A-36,8,0.0,100.0,0.0
164,A-36,9,0.0,100.0,0.0
165,A-36,10,0.0,61.38,38.62
166,A-36,11,17.36,0.14,82.5
167,A-36,12,83.87,0.0,16.129999999999995
168,A-41,1,87.23,0.0,12.769999999999996
169,A-41,2,42.11,0.0,57.89
170,A-41,3,14.13,0.0,85.87
171,A-41,4,10.14,1.67,88.19
172,A-41,5,0.0,23.39,76.61
173,A-41,6,0.0,100.0,0.0
174,A-41,7,0.0,100.0,0.0
175,A-41,8,0.0,100.0,0.0
176,A-41,9,0.0,100.0,0.0
177,A-41,10,0.0,59.52,40.48
178,A-41,11,3.06,0.0,96.94
179,A-41,12,54.3,0.0,45.7
180,A-42,1,83.74,0.0,16.260000000000005
181,A-42,2,39.14,0.0,60.86
182,A-42,3,11.31,0.0,88.69
183,A-42,4,10.42,5.0,84.58
184,A-42,5,0.0,24.87,75.13
185,A-42,6,0.0,99.86,0.14000000000000057
186,A-42,7,0.0,100.0,0.0
187,A-42,8,0.0,100.0,0.0
188,A-42,9,0.0,100.0,0.0
189,A-42,10,0.0,61.12,38.88
190,A-42,11,3.75,0.0,96.25
191,A-42,12,58.6,0.0,41.4
192,A-43,1,99.19,0.0,0.8100000000000023
193,A-43,2,61.01,0.0,38.99
194,A-43,3,18.03,0.0,81.97
195,A-43,4,13.75,1.67,84.58
196,A-43,5,0.0,12.23,87.77
197,A-43,6,0.0,100.0,0.0
198,A-43,7,0.0,100.0,0.0
199,A-43,8,0.0,100.0,0.0
200,A-43,9,0.0,100.0,0.0
201,A-43,10,0.0,62.45,37.55
202,A-43,11,5.0,0.0,95.0
203,A-43,12,69.22,0.0,30.78
204,A-44,1,88.44,0.0,11.560000000000002
205,A-44,2,43.3,0.0,56.7
206,A-44,3,14.4,0.0,85.6
207,A-44,4,6.94,2.64,90.42
208,A-44,5,0.0,27.28,72.72
209,A-44,6,0.0,100.0,0.0
210,A-44,7,0.0,100.0,0.0
211,A-44,8,0.0,100.0,0.0
212,A-44,9,0.0,100.0,0.0
213,A-44,10,0.0,64.45,35.55
214,A-44,11,1.94,0.0,98.06
215,A-44,12,64.92,0.0,35.08
216,A-51,1,81.99,0.0,18.010000000000005
217,A-51,2,38.24,0.0,61.76
218,A-51,3,9.02,0.0,90.98
219,A-51,4,7.78,2.64,89.58
220,A-51,5,0.0,24.87,75.13
221,A-51,6,0.0,99.31,0.6899999999999977
222,A-51,7,0.0,100.0,0.0
223,A-51,8,0.0,100.0,0.0
224,A-51,9,0.0,100.0,0.0
225,A-51,10,0.0,54.73,45.27
226,A-51,11,10.56,0.0,89.44
227,A-51,12,54.03,0.0,45.97
228,A-52,1,81.59,0.0,18.409999999999997
229,A-52,2,37.05,0.0,62.95
230,A-52,3,9.29,0.0,90.71000000000001
231,A-52,4,5.42,3.19,91.39
232,A-52,5,0.0,26.75,73.25
233,A-52,6,0.0,99.86,0.14000000000000057
234,A-52,7,0.0,100.0,0.0
235,A-52,8,0.0,100.0,0.0
236,A-52,9,0.0,100.0,0.0
237,A-52,10,0.0,57.39,42.61
238,A-52,11,7.92,0.14,91.94
239,A-52,12,55.91,0.0,44.09
240,A-53,1,98.12,0.0,1.8799999999999955
241,A-53,2,45.54,0.0,54.46
242,A-53,3,15.88,0.0,84.12
243,A-53,4,0.97,5.83,93.2
244,A-53,5,0.0,37.37,62.63
245,A-53,6,0.0,100.0,0.0
246,A-53,7,0.0,100.0,0.0
247,A-53,8,0.0,100.0,0.0
248,A-53,9,0.0,100.0,0.0
249,A-53,10,0.0,63.38,36.62
250,A-53,11,11.67,0.0,88.33
251,A-53,12,71.51,0.0,28.489999999999995
252,A-54,1,97.45,0.0,2.549999999999997
253,A-54,2,44.79,0.0,55.21
254,A-54,3,12.79,0.0,87.21000000000001
255,A-54,4,3.06,2.78,94.16
256,A-54,5,0.0,24.46,75.53999999999999
257,A-54,6,0.0,100.0,0.0
258,A-54,7,0.0,100.0,0.0
259,A-54,8,0.0,100.0,0.0
260,A-54,9,0.0,100.0,0.0
261,A-54,10,0.0,62.72,37.28
262,A-54,11,16.39,0.0,83.61
263,A-54,12,73.92,0.0,26.08
264,A-55,1,92.34,0.0,7.659999999999997
265,A-55,2,43.01,0.0,56.99
266,A-55,3,12.11,0.0,87.89
267,A-55,4,8.61,3.19,88.2
268,A-55,5,0.0,23.52,76.48
269,A-55,6,0.0,99.58,0.4200000000000017
270,A-55,7,0.0,100.0,0.0
271,A-55,8,0.0,100.0,0.0
272,A-55,9,0.0,100.0,0.0
273,A-55,10,0.0,59.52,40.48
274,A-55,11,15.14,0.0,84.86
275,A-55,12,68.28,0.0,31.72
276,A-56,1,93.28,0.0,6.719999999999999
277,A-56,2,48.36,0.0,51.64
278,A-56,3,15.75,0.0,84.25
279,A-56,4,11.53,1.94,86.53
280,A-56,5,0.0,18.15,81.85
281,A-56,6,0.0,99.17,0.8299999999999983
282,A-56,7,0.0,100.0,0.0
283,A-56,8,0.0,100.0,0.0
284,A-56,9,0.0,100.0,0.0
285,A-56,10,0.0,56.72,43.28
286,A-56,11,18.47,0.0,81.53
287,A-56,12,74.19,0.0,25.810000000000002
288,A-61,1,82.53,0.0,17.47
289,A-61,2,41.22,0.0,58.78
290,A-61,3,10.36,0.13,89.51
291,A-61,4,10.14,3.61,86.25
292,A-61,5,0.0,18.82,81.18
293,A-61,6,0.0,95.69,4.310000000000002
294,A-61,7,0.0,100.0,0.0
295,A-61,8,0.0,100.0,0.0
296,A-61,9,0.0,100.0,0.0
297,A-61,10,0.0,57.79,42.21
298,A-61,11,8.61,0.56,90.83
299,A-61,12,49.46,0.67,49.87
300,A-62,1,87.63,0.0,12.370000000000005
301,A-62,2,40.18,0.0,59.82
302,A-62,3,13.59,0.0,86.41
303,A-62,4,22.92,0.0,77.08
304,A-62,5,0.0,6.05,93.95
305,A-62,6,0.0,95.83,4.170000000000002
306,A-62,7,0.0,100.0,0.0
307,A-62,8,0.0,100.0,0.0
308,A-62,9,0.0,100.0,0.0
309,A-62,10,0.0,58.06,41.94
310,A-62,11,12.78,0.0,87.22
311,A-62,12,56.59,0.0,43.41
